Линейный конгруэнтный генератор псевдослучайных чисел
======================================================
Дата генерации: 10.02.2026 15:29:57
Параметры: a = 134, b = 345, m = 2679, x₀ = 1
Количество чисел: 200
Период последовательности: 874
Максимальный период: Нет

Последовательность чисел:

1, 479, 235, 2366, 1267, 1346, 1216, 2549, 1678, 161, 487, 1307, 1348, 1484, 955, 2402, 733, 2123, 853, 2129, 1657, 26, 1150, 1742, 700, 380, 364, 899, 256, 2501, 604, 911, 1864, 974, 2269, 1664, 964, 929, 1597, 23, 748, 1454, 2293, 2201, 589, 1580, 424, 902, 658, 110, 1690, 1769, 1639, 293, 2101, 584, 910, 1730, 1771, 1907, 1378, 146, 1156, 2546, 1276, 2552, 2080, 449, 1573, 2165, 1123, 803, 787, 1322, 679, 245, 1027, 1334, 2287, 1397, 13, 2087, 1387, 1352, 2020, 446, 1171, 1877, 37, 2624, 1012, 2003, 847, 1325, 1081, 533, 2113, 2192, 2062, 716, 2524, 1007, 1333, 2153, 2194, 2330, 1801, 569, 1579, 290, 1699, 296, 2503, 872, 1996, 2588, 1546, 1226, 1210, 1745, 1102, 668, 1450, 1757, 31, 1820, 436, 2510, 1810, 1775, 2443, 869, 1594, 2300, 460, 368, 1435, 2426, 1270, 1748, 1504, 956, 2536, 2615, 2485, 1139, 268, 1430, 1756, 2576, 2617, 74, 2224, 992, 2002, 713, 2122, 719, 247, 1295, 2419, 332, 1969, 1649, 1633, 2168, 1525, 1091, 1873, 2180, 454, 2243, 859, 254, 2233, 2198, 187, 1292, 2017, 44, 883, 791, 1858, 170, 1693, 2171, 1927, 1379, 280, 359, 229, 1562, 691, 1853, 2179, 320, 361, 497, 2647, 1415