Полиномиальный конгруэнтный генератор псевдослучайных чисел
======================================================
Дата генерации: 12.02.2026 14:31:25
Параметры: a₁ = 211, a₂ = 120, b = 23, m = 150, x₀ = 1
Количество чисел: 200
Период последовательности: 150
Максимальный период: Да

Последовательность чисел:

1, 54, 137, 10, 33, 116, 19, 102, 125, 148, 81, 134, 67, 90, 113, 46, 99, 32, 55, 78, 11, 64, 147, 20, 43, 126, 29, 112, 135, 8, 91, 144, 77, 100, 123, 56, 109, 42, 65, 88, 21, 74, 7, 30, 53, 136, 39, 122, 145, 18, 101, 4, 87, 110, 133, 66, 119, 52, 75, 98, 31, 84, 17, 40, 63, 146, 49, 132, 5, 28, 111, 14, 97, 120, 143, 76, 129, 62, 85, 108, 41, 94, 27, 50, 73, 6, 59, 142, 15, 38, 121, 24, 107, 130, 3, 86, 139, 72, 95, 118, 51, 104, 37, 60, 83, 16, 69, 2, 25, 48, 131, 34, 117, 140, 13, 96, 149, 82, 105, 128, 61, 114, 47, 70, 93, 26, 79, 12, 35, 58, 141, 44, 127, 0, 23, 106, 9, 92, 115, 138, 71, 124, 57, 80, 103, 36, 89, 22, 45, 68, 1, 54, 137, 10, 33, 116, 19, 102, 125, 148, 81, 134, 67, 90, 113, 46, 99, 32, 55, 78, 11, 64, 147, 20, 43, 126, 29, 112, 135, 8, 91, 144, 77, 100, 123, 56, 109, 42, 65, 88, 21, 74, 7, 30, 53, 136, 39, 122, 145, 18